jails:
  volcan741:
    world: 78923fff-a40a-4a98-a26e-297938cc8435
    world-name: world
    x: -759.3464500589648
    y: 64.0
    z: 439.8850140686713
    yaw: 28.482452392578125
    pitch: 16.27865982055664
