teleportenabled: true
teleportauto: false
godmode: false
muted: false
jailed: false
ip-address: 127.236.40.244
afk: false
socialspy: false
npc: false
powertoolsenabled: true
accepting-pay: true
baltop-exempt: false
timestamps:
  lastteleport: 1754689269736
  lastheal: 0
  mute: 0
  jail: 0
  onlinejail: 0
  logout: 1754692017014
  login: 1754691614302
money: '0'
last-account-name: refkunMC
logoutlocation:
  world: 64598a45-9630-4870-af2e-8d1213ba82f7
  world-name: world
  x: -3180.5125516840335
  y: 61.0
  z: 3609.6804419395485
  yaw: -2.67352294921875
  pitch: 24.0496826171875
lastlocation:
  world: 64598a45-9630-4870-af2e-8d1213ba82f7
  world-name: world
  x: 1309.1120853247805
  y: 64.0
  z: -383.76779016633054
  yaw: -179.6532440185547
  pitch: 10.200689315795898
homes:
  base:
    world: 64598a45-9630-4870-af2e-8d1213ba82f7
    world-name: world
    x: -3164.4734079740483
    y: 70.0
    z: 3614.342277153505
    yaw: -133.25732421875
    pitch: -14.913105010986328
  mobs:
    world: 64598a45-9630-4870-af2e-8d1213ba82f7
    world-name: world
    x: 1309.7683998070124
    y: 63.0
    z: -380.42893315487964
    yaw: -29.648162841796875
    pitch: 23.35700035095215
  spawn:
    world: 64598a45-9630-4870-af2e-8d1213ba82f7
    world-name: world
    x: -3175.9076335670834
    y: 70.0
    z: 3602.104870903078
    yaw: 90.7354736328125
    pitch: 25.230491638183594
