teleportenabled: true
teleportauto: false
godmode: false
muted: false
jailed: false
ip-address: 127.171.152.235
afk: false
socialspy: false
npc: false
powertoolsenabled: true
accepting-pay: true
baltop-exempt: false
timestamps:
  lastteleport: 1754745991123
  lastheal: 0
  mute: 0
  jail: 0
  onlinejail: 0
  logout: 1754746028835
  login: 1754738194088
money: '0'
last-account-name: volcan741
homes:
  cuevagrande:
    world: 64598a45-9630-4870-af2e-8d1213ba82f7
    world-name: world
    x: 64.83079096420792
    y: -41.0
    z: -10.68134386950485
    yaw: 69.7384033203125
    pitch: 21.166461944580078
  mineshaft:
    world: 64598a45-9630-4870-af2e-8d1213ba82f7
    world-name: world
    x: 1533.300000011921
    y: -36.0
    z: -818.0898362376358
    yaw: -87.1949462890625
    pitch: 20.668682098388672
  casavlad:
    world: 64598a45-9630-4870-af2e-8d1213ba82f7
    world-name: world
    x: 73.74082212233336
    y: 20.0
    z: -578.9286318108196
    yaw: 103.7966079711914
    pitch: 12.277411460876465
  rekun:
    world: 64598a45-9630-4870-af2e-8d1213ba82f7
    world-name: world
    x: -3146.856569759307
    y: 70.0
    z: 3614.1203159876336
    yaw: -36.252586364746094
    pitch: 6.880315780639648
  bas:
    world: 64598a45-9630-4870-af2e-8d1213ba82f7
    world-name: world
    x: 1392.0557407562922
    y: 71.0
    z: -268.9183577815452
    yaw: 14.822835922241211
    pitch: 18.263080596923828
  casa:
    world: 64598a45-9630-4870-af2e-8d1213ba82f7
    world-name: world
    x: 3087.44870445395
    y: 70.0
    z: 63.17832977631799
    yaw: -172.75042724609375
    pitch: 28.24604606628418
lastlocation:
  world: 64598a45-9630-4870-af2e-8d1213ba82f7
  world-name: world
  x: 1409.1372029783613
  y: 63.0
  z: -353.8366757989407
  yaw: 126.5330810546875
  pitch: 66.80694580078125
logoutlocation:
  world: 64598a45-9630-4870-af2e-8d1213ba82f7
  world-name: world
  x: 3091.112389381802
  y: 70.0
  z: 62.04501777791182
  yaw: -115.18182373046875
  pitch: 19.382951736450195
