teleportenabled: true
teleportauto: false
godmode: false
muted: false
jailed: false
ip-address: 127.69.28.83
afk: false
socialspy: false
npc: false
powertoolsenabled: true
accepting-pay: true
baltop-exempt: false
timestamps:
  lastteleport: 1754609131582
  lastheal: 0
  mute: 0
  jail: 0
  onlinejail: 0
  logout: 1754600218116
  login: 1754607549605
money: '0'
last-account-name: volcan741
homes:
  casa:
    world: 64598a45-9630-4870-af2e-8d1213ba82f7
    world-name: world
    x: 1365.007505237418
    y: 65.0
    z: -295.30000001192093
    yaw: -174.45166015625
    pitch: 20.748062133789062
  cuevagrande:
    world: 64598a45-9630-4870-af2e-8d1213ba82f7
    world-name: world
    x: 64.83079096420792
    y: -41.0
    z: -10.68134386950485
    yaw: 69.7384033203125
    pitch: 21.166461944580078
  mineshaft:
    world: 64598a45-9630-4870-af2e-8d1213ba82f7
    world-name: world
    x: 1272.4511969037417
    y: -44.0
    z: -251.02560795903935
    yaw: 5.16162109375
    pitch: 7.747097015380859
lastlocation:
  world: 64598a45-9630-4870-af2e-8d1213ba82f7
  world-name: world
  x: 1272.1342801553399
  y: -42.0
  z: -270.24554981297695
  yaw: 179.0386962890625
  pitch: 12.634218215942383
logoutlocation:
  world: 64598a45-9630-4870-af2e-8d1213ba82f7
  world-name: world
  x: 1397.9966059980002
  y: 66.5
  z: -247.59779490735195
  yaw: 66.464111328125
  pitch: 3.3132851123809814
