teleportenabled: true
teleportauto: false
godmode: false
muted: false
jailed: false
ip-address: 127.127.82.182
afk: false
socialspy: false
npc: false
powertoolsenabled: true
accepting-pay: true
baltop-exempt: false
timestamps:
  lastteleport: 1754659683825
  lastheal: 0
  mute: 0
  jail: 0
  onlinejail: 0
  logout: 1754646714932
  login: 1754651880864
money: '0'
last-account-name: volcan741
homes:
  casa:
    world: 64598a45-9630-4870-af2e-8d1213ba82f7
    world-name: world
    x: 1365.007505237418
    y: 65.0
    z: -295.30000001192093
    yaw: -174.45166015625
    pitch: 20.748062133789062
  cuevagrande:
    world: 64598a45-9630-4870-af2e-8d1213ba82f7
    world-name: world
    x: 64.83079096420792
    y: -41.0
    z: -10.68134386950485
    yaw: 69.7384033203125
    pitch: 21.166461944580078
  mineshaft:
    world: 64598a45-9630-4870-af2e-8d1213ba82f7
    world-name: world
    x: 1533.300000011921
    y: -36.0
    z: -818.0898362376358
    yaw: -87.1949462890625
    pitch: 20.668682098388672
  casavlad:
    world: 64598a45-9630-4870-af2e-8d1213ba82f7
    world-name: world
    x: 73.74082212233336
    y: 20.0
    z: -578.9286318108196
    yaw: 103.7966079711914
    pitch: 12.277411460876465
lastlocation:
  world: 64598a45-9630-4870-af2e-8d1213ba82f7
  world-name: world
  x: 579.8400240923883
  y: 64.0
  z: -1091.721292204971
  yaw: -136.98101806640625
  pitch: 26.764734268188477
logoutlocation:
  world: 64598a45-9630-4870-af2e-8d1213ba82f7
  world-name: world
  x: 1392.9955130606031
  y: 66.0
  z: -228.87992080188758
  yaw: 174.1195526123047
  pitch: 20.500028610229492
