teleportenabled: true
teleportauto: false
godmode: false
muted: false
jailed: false
ip-address: 127.69.28.83
afk: false
socialspy: false
npc: false
powertoolsenabled: true
accepting-pay: true
baltop-exempt: false
timestamps:
  lastteleport: 1754692888302
  lastheal: 0
  mute: 0
  jail: 0
  onlinejail: 0
  logout: 1754693039414
  login: 1754688149052
money: '0'
last-account-name: volcan741
homes:
  cuevagrande:
    world: 64598a45-9630-4870-af2e-8d1213ba82f7
    world-name: world
    x: 64.83079096420792
    y: -41.0
    z: -10.68134386950485
    yaw: 69.7384033203125
    pitch: 21.166461944580078
  mineshaft:
    world: 64598a45-9630-4870-af2e-8d1213ba82f7
    world-name: world
    x: 1533.300000011921
    y: -36.0
    z: -818.0898362376358
    yaw: -87.1949462890625
    pitch: 20.668682098388672
  casavlad:
    world: 64598a45-9630-4870-af2e-8d1213ba82f7
    world-name: world
    x: 73.74082212233336
    y: 20.0
    z: -578.9286318108196
    yaw: 103.7966079711914
    pitch: 12.277411460876465
  casa:
    world: 64598a45-9630-4870-af2e-8d1213ba82f7
    world-name: world
    x: 1388.570951410878
    y: 71.0
    z: -271.25250832825606
    yaw: 91.60885620117188
    pitch: 16.523582458496094
  rekun:
    world: 64598a45-9630-4870-af2e-8d1213ba82f7
    world-name: world
    x: -3146.856569759307
    y: 70.0
    z: 3614.1203159876336
    yaw: -36.252586364746094
    pitch: 6.880315780639648
  base:
    world: 64598a45-9630-4870-af2e-8d1213ba82f7
    world-name: world
    x: 3084.6735428906595
    y: 70.0
    z: 61.55382129929717
    yaw: -44.004051208496094
    pitch: 4.18184757232666
lastlocation:
  world: ce2b4074-ea74-4e5d-ac49-0f2b61e0c1e3
  world-name: world_nether
  x: 387.5438241053543
  y: 120.0
  z: 5.300000011920929
  yaw: 2.775190591812134
  pitch: 48.418304443359375
logoutlocation:
  world: 64598a45-9630-4870-af2e-8d1213ba82f7
  world-name: world
  x: 1396.33337058452
  y: 66.0
  z: -245.20294153482362
  yaw: 76.22164916992188
  pitch: 32.265350341796875
