teleportenabled: true
teleportauto: false
godmode: false
muted: false
jailed: false
ip-address: 127.195.114.124
afk: false
socialspy: false
npc: false
powertoolsenabled: true
accepting-pay: true
baltop-exempt: false
timestamps:
  lastteleport: 1754675852524
  lastheal: 0
  mute: 0
  jail: 0
  onlinejail: 0
  logout: 1754691698267
  login: 1754691462479
money: '0'
last-account-name: Rixenta
lastlocation:
  world: 64598a45-9630-4870-af2e-8d1213ba82f7
  world-name: world
  x: -3152.7821128303112
  y: 71.5
  z: 3611.5180297962593
  yaw: -165.89999389648438
  pitch: 40.94999313354492
logoutlocation:
  world: 64598a45-9630-4870-af2e-8d1213ba82f7
  world-name: world
  x: -3141.339808423602
  y: 71.0
  z: 3590.178204411921
  yaw: 84.9002685546875
  pitch: 6.450002193450928
homes:
  home:
    world: 64598a45-9630-4870-af2e-8d1213ba82f7
    world-name: world
    x: 1568.6185398962289
    y: -59.0
    z: -501.69999998807907
    yaw: -148.3338623046875
    pitch: 60.15006637573242
  pillagers:
    world: 64598a45-9630-4870-af2e-8d1213ba82f7
    world-name: world
    x: -2069.1287503221715
    y: 81.0
    z: -4238.03067384131
    yaw: 126.4144515991211
    pitch: 33.300052642822266
  verdadera:
    world: 64598a45-9630-4870-af2e-8d1213ba82f7
    world-name: world
    x: -3156.9914519931112
    y: 70.0
    z: 3615.5772971587826
    yaw: 176.87548828125
    pitch: 17.399965286254883
  nigga:
    world: 64598a45-9630-4870-af2e-8d1213ba82f7
    world-name: world
    x: 216.93019283735865
    y: 57.0
    z: 357.7237388975856
    yaw: -83.72843933105469
    pitch: 17.582149505615234
