teleportenabled: true
teleportauto: false
godmode: false
muted: false
jailed: false
ip-address: 127.195.114.124
afk: false
socialspy: false
npc: false
powertoolsenabled: true
accepting-pay: true
baltop-exempt: false
timestamps:
  lastteleport: 1754655102370
  lastheal: 0
  mute: 0
  jail: 0
  onlinejail: 0
  logout: 1754658405625
  login: 1754654259303
money: '0'
last-account-name: Rixenta
lastlocation:
  world: 64598a45-9630-4870-af2e-8d1213ba82f7
  world-name: world
  x: 1572.9360542651243
  y: -56.0
  z: -501.30000001192093
  yaw: -114.43466186523438
  pitch: 22.500051498413086
logoutlocation:
  world: 64598a45-9630-4870-af2e-8d1213ba82f7
  world-name: world
  x: -2686.448565313455
  y: 62.07326432466506
  z: -6608.544213357895
  yaw: -133.3252410888672
  pitch: 20.55001449584961
homes:
  home:
    world: 64598a45-9630-4870-af2e-8d1213ba82f7
    world-name: world
    x: 1568.6185398962289
    y: -59.0
    z: -501.69999998807907
    yaw: -148.3338623046875
    pitch: 60.15006637573242
  caca:
    world: 64598a45-9630-4870-af2e-8d1213ba82f7
    world-name: world
    x: 1321.5494497441427
    y: 64.0
    z: -272.52018761544576
    yaw: 144.15765380859375
    pitch: 30.795604705810547
  pillagers:
    world: 64598a45-9630-4870-af2e-8d1213ba82f7
    world-name: world
    x: -2069.1287503221715
    y: 81.0
    z: -4238.03067384131
    yaw: 126.4144515991211
    pitch: 33.300052642822266
