teleportenabled: true
teleportauto: false
godmode: false
muted: false
jailed: false
ip-address: 127.228.144.141
afk: false
socialspy: false
npc: false
powertoolsenabled: true
accepting-pay: true
baltop-exempt: false
timestamps:
  lastteleport: 1754738843224
  lastheal: 0
  mute: 0
  jail: 0
  onlinejail: 0
  logout: 1754738901642
  login: 1754734485765
money: '0'
last-account-name: ADL33R
logoutlocation:
  world: 64598a45-9630-4870-af2e-8d1213ba82f7
  world-name: world
  x: 3102.5068643012123
  y: 74.0
  z: 32.34288413537506
  yaw: -72.60354614257812
  pitch: 24.866743087768555
lastlocation:
  world: 64598a45-9630-4870-af2e-8d1213ba82f7
  world-name: world
  x: 1399.1263061891925
  y: 71.0
  z: -277.75480265389564
  yaw: 107.30389404296875
  pitch: 14.011215209960938
homes:
  megacueva:
    world: 64598a45-9630-4870-af2e-8d1213ba82f7
    world-name: world
    x: 765.5794669780043
    y: -16.0
    z: -345.1464184531135
    yaw: -178.6318359375
    pitch: 16.799510955810547
  megacueva2:
    world: 64598a45-9630-4870-af2e-8d1213ba82f7
    world-name: world
    x: 576.660378050357
    y: -32.0
    z: -315.88068696446663
    yaw: 28.42431640625
    pitch: 12.150701522827148
  portal:
    world: 64598a45-9630-4870-af2e-8d1213ba82f7
    world-name: world
    x: 220.47275998481066
    y: 57.0
    z: 373.7320642715621
    yaw: -173.81976318359375
    pitch: 39.04296112060547
  netherite:
    world: ce2b4074-ea74-4e5d-ac49-0f2b61e0c1e3
    world-name: world_nether
    x: 77.05613879338168
    y: 11.0
    z: -120.53431684894666
    yaw: 12.300392150878906
    pitch: 15.749588012695312
  ruinas:
    world: 64598a45-9630-4870-af2e-8d1213ba82f7
    world-name: world
    x: 1399.1263061891925
    y: 71.0
    z: -277.75480265389564
    yaw: 66.50347900390625
    pitch: 16.861207962036133
  casa:
    world: 64598a45-9630-4870-af2e-8d1213ba82f7
    world-name: world
    x: 3109.5993904428396
    y: 74.0625
    z: 32.52916213483577
    yaw: 93.2943115234375
    pitch: 9.416770935058594
