teleportenabled: true
teleportauto: false
godmode: false
muted: false
jailed: false
ip-address: 127.228.144.141
afk: false
socialspy: false
npc: false
powertoolsenabled: true
accepting-pay: true
baltop-exempt: false
timestamps:
  lastteleport: 1754597440830
  lastheal: 0
  mute: 0
  jail: 0
  onlinejail: 0
  logout: 1754597600468
  login: 1754597659911
money: '0'
last-account-name: ADL33R
logoutlocation:
  world: 64598a45-9630-4870-af2e-8d1213ba82f7
  world-name: world
  x: 1392.8036413948055
  y: 71.0
  z: -255.01135970955903
  yaw: 175.85821533203125
  pitch: 23.699237823486328
lastlocation:
  world: 64598a45-9630-4870-af2e-8d1213ba82f7
  world-name: world
  x: -12.942944355038602
  y: 79.0
  z: -53.40479370082916
  yaw: 53.85441589355469
  pitch: 36.450164794921875
homes:
  casa:
    world: 64598a45-9630-4870-af2e-8d1213ba82f7
    world-name: world
    x: 1373.5502083580625
    y: 68.0
    z: -289.6325299980918
    yaw: 90.2340087890625
    pitch: 55.26180648803711
  vic:
    world: 64598a45-9630-4870-af2e-8d1213ba82f7
    world-name: world
    x: 1374.6272245010587
    y: 66.0
    z: -224.5419878836131
    yaw: 60.599708557128906
    pitch: 47.549861907958984
  megacueva:
    world: 64598a45-9630-4870-af2e-8d1213ba82f7
    world-name: world
    x: 64.06435805517579
    y: -41.0
    z: -12.163943397751211
    yaw: 87.47439575195312
    pitch: 32.54448699951172
