teleportenabled: true
teleportauto: false
godmode: false
muted: false
jailed: false
ip-address: 127.228.144.141
afk: false
socialspy: false
npc: false
powertoolsenabled: true
accepting-pay: true
baltop-exempt: false
timestamps:
  lastteleport: 1754661137995
  lastheal: 0
  mute: 0
  jail: 0
  onlinejail: 0
  logout: 1754657634922
  login: 1754657669269
money: '0'
last-account-name: ADL33R
logoutlocation:
  world: 64598a45-9630-4870-af2e-8d1213ba82f7
  world-name: world
  x: 1399.3794944681258
  y: 66.0
  z: -243.9548344522388
  yaw: -80.2576904296875
  pitch: 27.449569702148438
lastlocation:
  world: 64598a45-9630-4870-af2e-8d1213ba82f7
  world-name: world
  x: 1131.7891428884361
  y: 65.0
  z: -344.11797474383144
  yaw: -24.990966796875
  pitch: 43.199954986572266
homes:
  vic:
    world: 64598a45-9630-4870-af2e-8d1213ba82f7
    world-name: world
    x: 1374.6272245010587
    y: 66.0
    z: -224.5419878836131
    yaw: 60.599708557128906
    pitch: 47.549861907958984
  megacueva:
    world: 64598a45-9630-4870-af2e-8d1213ba82f7
    world-name: world
    x: 64.06435805517579
    y: -41.0
    z: -12.163943397751211
    yaw: 87.47439575195312
    pitch: 32.54448699951172
  casa:
    world: 64598a45-9630-4870-af2e-8d1213ba82f7
    world-name: world
    x: 1417.4650765772972
    y: 73.0
    z: -300.8860582837867
    yaw: 94.40347290039062
    pitch: 18.211299896240234
