teleportenabled: true
teleportauto: false
godmode: false
muted: false
jailed: false
ip-address: 127.228.144.141
afk: false
socialspy: false
npc: false
powertoolsenabled: true
accepting-pay: true
baltop-exempt: false
timestamps:
  lastteleport: 1754659735024
  lastheal: 0
  mute: 0
  jail: 0
  onlinejail: 0
  logout: 1754657634922
  login: 1754657669269
money: '0'
last-account-name: ADL33R
logoutlocation:
  world: 64598a45-9630-4870-af2e-8d1213ba82f7
  world-name: world
  x: 1399.3794944681258
  y: 66.0
  z: -243.9548344522388
  yaw: -80.2576904296875
  pitch: 27.449569702148438
lastlocation:
  world: 64598a45-9630-4870-af2e-8d1213ba82f7
  world-name: world
  x: 606.9244503578071
  y: 64.0
  z: -1132.5430468262891
  yaw: 41.519405364990234
  pitch: 21.964298248291016
homes:
  casa:
    world: 64598a45-9630-4870-af2e-8d1213ba82f7
    world-name: world
    x: 1373.5502083580625
    y: 68.0
    z: -289.6325299980918
    yaw: 90.2340087890625
    pitch: 55.26180648803711
  vic:
    world: 64598a45-9630-4870-af2e-8d1213ba82f7
    world-name: world
    x: 1374.6272245010587
    y: 66.0
    z: -224.5419878836131
    yaw: 60.599708557128906
    pitch: 47.549861907958984
  megacueva:
    world: 64598a45-9630-4870-af2e-8d1213ba82f7
    world-name: world
    x: 64.06435805517579
    y: -41.0
    z: -12.163943397751211
    yaw: 87.47439575195312
    pitch: 32.54448699951172
