teleportenabled: true
teleportauto: false
godmode: false
muted: false
jailed: false
ip-address: 127.92.134.86
afk: false
socialspy: false
npc: false
powertoolsenabled: true
accepting-pay: true
baltop-exempt: false
timestamps:
  lastteleport: 1754661856250
  lastheal: 0
  mute: 0
  jail: 0
  onlinejail: 0
  logout: 1754658312822
  login: 1754658314702
money: '0'
last-account-name: rafaxtpa
logoutlocation:
  world: 64598a45-9630-4870-af2e-8d1213ba82f7
  world-name: world
  x: 1386.471136919587
  y: 66.0
  z: -243.9232790296306
  yaw: -81.17526245117188
  pitch: 14.762513160705566
homes:
  casa:
    world: 64598a45-9630-4870-af2e-8d1213ba82f7
    world-name: world
    x: 60.30000001192093
    y: 72.0
    z: -254.9516894551343
    yaw: -0.115966796875
    pitch: 37.468875885009766
  obsidiana:
    world: 64598a45-9630-4870-af2e-8d1213ba82f7
    world-name: world
    x: 753.1585013395232
    y: -54.0
    z: -451.7576716275023
    yaw: -8.693603515625
    pitch: 27.72905158996582
  casa1:
    world: 64598a45-9630-4870-af2e-8d1213ba82f7
    world-name: world
    x: 218.2586054854121
    y: 57.0
    z: 365.6862434274402
    yaw: -17.937744140625
    pitch: 22.840505599975586
  villager:
    world: 64598a45-9630-4870-af2e-8d1213ba82f7
    world-name: world
    x: 1587.7883207206912
    y: 65.0
    z: -1384.4287360118012
    yaw: 126.87213134765625
    pitch: 26.899755477905273
  nether:
    world: ce2b4074-ea74-4e5d-ac49-0f2b61e0c1e3
    world-name: world_nether
    x: -247.9611956186696
    y: 70.0
    z: -8.312205592051287
    yaw: 152.67947387695312
    pitch: 7.675152778625488
lastlocation:
  world: 64598a45-9630-4870-af2e-8d1213ba82f7
  world-name: world
  x: 64.76249998807907
  y: 63.0
  z: -197.37432873081042
  yaw: -33.90753173828125
  pitch: 31.51277732849121
